%YAML:1.0
---
SCCM_D: !!opencv-matrix
   rows: 3
   cols: 3
   dt: d
   data: [ 3.9245388794e+02, 0.0000000000e+00, 3.0704315186e+02, 0.0000000000e+00, 3.9212461698e+02, 2.2928094482e+02, 0.0000000000e+00, 0.0000000000e+00, 1.0000000000e+00 ]
SCCD_D: !!opencv-matrix
   rows: 1
   cols: 5
   dt: d
   data: [ -1.8575944000e-01, 6.6866120000e-02, -7.5547000000e-04, 7.3230000000e-05, -1.2465880000e-02 ]
SCCM_D_HD: !!opencv-matrix
   rows: 3
   cols: 3
   dt: d
   data: [ 3.9273159790e+02, 0.0000000000e+00, 3.0631338501e+02, 0.0000000000e+00, 3.9236171459e+02, 2.2936087036e+02, 0.0000000000e+00, 0.0000000000e+00, 1.0000000000e+00 ]
SCCD_D_HD: !!opencv-matrix
   rows: 1
   cols: 5
   dt: d
   data: [ -1.8632966000e-01, 6.8617570000e-02, -7.9614000000e-04, -1.3170000000e-05, -1.5501550000e-02 ]