%YAML:1.0
---
SCCM_RGB: !!opencv-matrix
   rows: 3
   cols: 3
   dt: d
   data: [ 4.4069500732e+02, 0.0000000000e+00, 3.1726397705e+02, 0.0000000000e+00, 4.4057074434e+02, 2.2709478760e+02, 0.0000000000e+00, 0.0000000000e+00, 1.0000000000e+00 ]
SCCD_RGB: !!opencv-matrix
   rows: 1
   cols: 5
   dt: d
   data: [ 1.5616260000e-02, -2.6358710000e-02, -2.6631500000e-03, 1.3368700000e-03, -2.1792200000e-03 ]
SCCM_RGB_HD: !!opencv-matrix
   rows: 3
   cols: 3
   dt: d
   data: [ 7.3755523682e+02, 0.0000000000e+00, 6.3646295166e+02, 0.0000000000e+00, 7.3731168065e+02, 3.3845394897e+02, 0.0000000000e+00, 0.0000000000e+00, 1.0000000000e+00 ]
SCCD_RGB_HD: !!opencv-matrix
   rows: 1
   cols: 5
   dt: d
   data: [ 1.8641030000e-02, -4.2427590000e-02, -2.6769600000e-03, 9.7280000000e-04, 1.4908290000e-02 ]