%YAML:1.0
---
R: !!opencv-matrix
   rows: 3
   cols: 3
   dt: d
   data: [ 9.9996346864e-01, 6.3316732501e-03, -5.7420647959e-03, -6.3387492471e-03, 9.9997917186e-01, -1.2149481087e-03, 5.7342525449e-03, 1.2513012339e-03, 9.9998277615e-01 ]
T: !!opencv-matrix
   rows: 3
   cols: 1
   dt: d
   data: [ 2.5430900000e-02, -1.9368400000e-04, -2.8884000000e-03 ]
R_HD: !!opencv-matrix
   rows: 3
   cols: 3
   dt: d
   data: [ 9.9996262203e-01, 6.1431579223e-03, -6.0840903593e-03, -6.1473079907e-03, 9.9998088490e-01, -6.6365245977e-04, 6.0798971394e-03, 7.0102843107e-04, 9.9998127153e-01 ]
T_HD: !!opencv-matrix
   rows: 3
   cols: 1
   dt: d
   data: [ 2.5697300000e-02, -2.2720800000e-04, -3.0626600000e-03 ]